%YAML:1.0
---
camera_matrix: !!opencv-matrix
   rows: 3
   cols: 3
   dt: d
   data: [ 7.9970429980021290e+03, 0., 1.9313181207589498e+03, 0.,
       7.9981314763957698e+03, 1.0779475403856204e+03, 0., 0., 1. ]
dist_coeff: !!opencv-matrix
   rows: 1
   cols: 5
   dt: d
   data: [ 4.8040623001517208e-03, -2.8602831997892586e-01,
       -8.0026071665395551e-06, 6.0295998442435564e-04,
       3.6812332718063714e+00 ]
